 xyzval
        0.00000000                0.00000000            20000.00000000             6681.58525048
        0.00000000                0.00000000            10319.46508789            26358.73095001
        0.00000000                0.00000000              638.93017578           111653.39570931
  1320000.00000000                0.00000000            20000.00000000             6681.48856458
  1320000.00000000                0.00000000            10032.76725769            26790.85579016
  1320000.00000000                0.00000000               65.53451538           101985.42906586
  1320000.00000000           960000.00000000            20000.00000000             6681.44577557
  1320000.00000000           960000.00000000            10493.29293823            24100.36368121
  1320000.00000000           960000.00000000              986.58587646            89670.02577573
        0.00000000           960000.00000000            20000.00000000             6681.53097060
        0.00000000           960000.00000000            10689.97796631            23930.66441321
        0.00000000           960000.00000000             1379.95593262            85303.80939507
   146666.66666655                0.00000000            20000.00000000             6681.57803207
   146666.66666655                0.00000000            10319.46508789            26103.84484181
   146666.66666655                0.00000000              638.93017578            89966.03395410
   293333.33333298                0.00000000            20000.00000000             6681.56374488
   293333.33333298                0.00000000            10481.12469482            25456.38635584
   293333.33333298                0.00000000              962.24938965            91046.94896033
   439999.99999937                0.00000000            20000.00000000             6681.49928341
   439999.99999937                0.00000000            10537.69409180            25204.30471228
   439999.99999937                0.00000000             1075.38818359            89613.95252486
   586666.66666547                0.00000000            20000.00000000             6681.47160542
   586666.66666547                0.00000000            10537.69409180            25169.61089178
   586666.66666547                0.00000000             1075.38818359            89813.76965084
   733333.33333186                0.00000000            20000.00000000             6681.48584347
   733333.33333186                0.00000000            10467.37854004            25412.88411525
   733333.33333186                0.00000000              934.75708008            91439.82961632
   879999.99999889                0.00000000            20000.00000000             6681.51382331
   879999.99999889                0.00000000            10355.73464966            25801.30920936
   879999.99999889                0.00000000              711.46929932            94068.38548453
  1026666.66666593                0.00000000            20000.00000000             6681.53733073
  1026666.66666593                0.00000000            10112.74079895            26654.01098980
  1026666.66666593                0.00000000              225.48159790            99957.05647429
  1173333.33333296                0.00000000            20000.00000000             6681.52856469
  1173333.33333296                0.00000000            10112.74079895            26581.92959859
  1173333.33333296                0.00000000              225.48159790           100005.01663947
  1320000.00000000           159999.99999996            20000.00000000             6681.53676794
  1320000.00000000           159999.99999996            10032.76725769            26622.84481530
  1320000.00000000           159999.99999996               65.53451538           102062.24793519
  1320000.00000000           319999.99999963            20000.00000000             6681.53359279
  1320000.00000000           319999.99999963            10041.02248001            26438.16091179
  1320000.00000000           319999.99999963               82.04496002           101856.22483534
  1320000.00000000           479999.99999900            20000.00000000             6681.44068058
  1320000.00000000           479999.99999900            10298.42117310            25314.21514294
  1320000.00000000           479999.99999900              596.84234619            95501.88499773
  1320000.00000000           639999.99999933            20000.00000000             6681.45156358
  1320000.00000000           639999.99999933            10227.91491699            25429.39996973
  1320000.00000000           639999.99999933              455.82983398            97164.81767110
  1320000.00000000           799999.99999966            20000.00000000             6681.42045225
  1320000.00000000           799999.99999966            10227.91491699            25261.37889828
  1320000.00000000           799999.99999966              455.82983398            97306.15268543
  1173333.33333320           960000.00000000            20000.00000000             6681.47681481
  1173333.33333320           960000.00000000            10788.30029297            23086.03204029
  1173333.33333320           960000.00000000             1576.60058594            84228.27267428
  1026666.66666639           960000.00000000            20000.00000000             6681.52888549
  1026666.66666639           960000.00000000            10788.30029297            23179.89344771
  1026666.66666639           960000.00000000             1576.60058594            83784.35127470
   879999.99999959           960000.00000000            20000.00000000             6681.46839034
   879999.99999959           960000.00000000            10382.50241089            24790.38068876
   879999.99999959           960000.00000000              765.00482178            90227.59280992
   733333.33333337           960000.00000000            20000.00000000             6681.70740311
   733333.33333337           960000.00000000            10791.91857910            23311.11736645
   733333.33333337           960000.00000000             1583.83715820            83349.58564278
   586666.66666721           960000.00000000            20000.00000000             6681.42299852
   586666.66666721           960000.00000000            10377.02807617            24942.75613096
   586666.66666721           960000.00000000              754.05615234            86687.87122187
   440000.00000041           960000.00000000            20000.00000000             6681.53497306
   440000.00000041           960000.00000000            10377.02807617            24996.59744550
   440000.00000041           960000.00000000              754.05615234            88848.65867515
   293333.33333361           960000.00000000            20000.00000000             6681.49796172
   293333.33333361           960000.00000000            10548.43286133            24393.44421730
   293333.33333361           960000.00000000             1096.86572266            87674.25821529
   146666.66666680           960000.00000000            20000.00000000             6681.58102659
   146666.66666680           960000.00000000            10689.97796631            23902.79862887
   146666.66666680           960000.00000000             1379.95593262            85357.49252507
        0.00000000           799999.99999959            20000.00000000             6681.54310292
        0.00000000           799999.99999959            10653.88995361            24185.29122074
        0.00000000           799999.99999959             1307.77990723            86261.11308396
        0.00000000           639999.99999993            20000.00000000             6681.53508170
        0.00000000           639999.99999993            10653.88995361            24294.35359621
        0.00000000           639999.99999993             1307.77990723            84175.44162283
        0.00000000           480000.00000120            20000.00000000             6681.61786554
        0.00000000           480000.00000120            10581.39569092            24672.07748636
        0.00000000           480000.00000120             1162.79138184            87544.75107948
        0.00000000           320000.00000081            20000.00000000             6681.65170725
        0.00000000           320000.00000081            10347.03054810            25665.82660296
        0.00000000           320000.00000081              694.06109619            86821.02338797
        0.00000000           160000.00000040            20000.00000000             6681.60956978
        0.00000000           160000.00000040            10319.46508789            25966.34987489
        0.00000000           160000.00000040              638.93017578            87862.13164637
   659999.99999866           479999.99999987            20000.00000000             6681.48258312
   659999.99999866           479999.99999987            10243.53828430            25854.88409432
   659999.99999866           479999.99999987              487.07656860            96599.06017819
   978953.79970034           352065.91584870            20000.00000000             6681.55906471
   978953.79970034           352065.91584870            10182.47424316            26092.38829690
   978953.79970034           352065.91584870              364.94848633            98305.31287225
   341046.20029872           607934.08415215            20000.00000000             6681.49568954
   341046.20029872           607934.08415215            10515.47344971            24783.52821604
   341046.20029872           607934.08415215             1030.94689941            87789.88554296
   375302.08142439           298199.46272498            20000.00000000             6681.48549427
   375302.08142439           298199.46272498            10206.05792236            26145.88272836
   375302.08142439           298199.46272498              412.11584473            89643.60475737
   944697.91857466           661800.53727526            20000.00000000             6681.55907614
   944697.91857466           661800.53727526            10539.22009277            24457.74322241
   944697.91857466           661800.53727526             1078.44018555            90340.55254587
   679569.58846786           720254.08931688            20000.00000000             6681.48470973
   679569.58846786           720254.08931688            10516.92309570            24605.86740953
   679569.58846786           720254.08931688             1033.84619141            89851.62002768
   640430.41153107           239745.91068315            20000.00000000             6681.45674498
   640430.41153107           239745.91068315            10252.98146057            26008.00935324
   640430.41153107           239745.91068315              505.96292114            96051.02181357
   222122.77415564           433922.31574972            20000.00000000             6681.55023697
   222122.77415564           433922.31574972            10766.43829346            23980.91409951
   222122.77415564           433922.31574972             1532.87658691            81160.46547791
  1097877.22584403           526077.68425076            20000.00000000             6681.53857782
  1097877.22584403           526077.68425076            10557.96459961            24442.92207268
  1097877.22584403           526077.68425076             1115.92919922            89379.56936554
  1107300.47486065           189545.52376672            20000.00000000             6681.58099832
  1107300.47486065           189545.52376672            10112.74079895            26431.76575792
  1107300.47486065           189545.52376672              225.48159790           100041.89587457
   212699.52513906           770454.47623365            20000.00000000             6681.61937543
   212699.52513906           770454.47623365            10515.47344971            24686.39174998
   212699.52513906           770454.47623365             1030.94689941            82226.14752295
   219689.00040885           219868.77471550            20000.00000000             6681.54426203
   219689.00040885           219868.77471550            10206.05792236            26249.22043923
   219689.00040885           219868.77471550              412.11584473            96495.02962023
  1100310.99959082           740131.22528468            20000.00000000             6681.53614685
  1100310.99959082           740131.22528468            10568.19812012            24199.51824024
  1100310.99959082           740131.22528468             1136.39624023            88959.44676634
   856782.16337921           191293.43861664            20000.00000000             6681.50089596
   856782.16337921           191293.43861664            10355.73464966            25620.42885078
   856782.16337921           191293.43861664              711.46929932            94066.84643307
   463217.83662012           768706.56138366            20000.00000000             6681.53474668
   463217.83662012           768706.56138366            10572.12329102            24422.12220276
   463217.83662012           768706.56138366             1144.24658203            86853.11505036
   872540.68361155           477571.32988310            20000.00000000             6681.54035083
   872540.68361155           477571.32988310            10428.21237183            25088.82676010
   872540.68361155           477571.32988310              856.42474365            92343.81578554
   447459.31638718           482428.67011730            20000.00000000             6681.49934392
   447459.31638718           482428.67011730            10311.81369019            25621.03638169
   447459.31638718           482428.67011730              623.62738037            95136.04234209
   488704.11664786           188494.61989356            20000.00000000             6681.50643897
   488704.11664786           188494.61989356            10537.69409180            25020.47440839
   488704.11664786           188494.61989356             1075.38818359            89720.36246764
   831295.88335112           771505.38010651            20000.00000000             6681.41482789
   831295.88335112           771505.38010651            10539.22009277            24426.80440653
   831295.88335112           771505.38010651             1078.44018555            89176.58612671
   555975.94199540           621042.31300779            20000.00000000             6681.45544087
   555975.94199540           621042.31300779            10572.12329102            24522.13435500
   555975.94199540           621042.31300779             1144.24658203            88508.00547562
   764024.05800329           338957.68699239            20000.00000000             6681.50195816
   764024.05800329           338957.68699239            10252.98146057            25906.92390823
   764024.05800329           338957.68699239              505.96292114            96464.71903110
   184774.48714653           638106.48681262            20000.00000000             6681.60328069
   184774.48714653           638106.48681262            10653.88995361            24272.14066456
   184774.48714653           638106.48681262             1307.77990723            86854.16184195
  1135225.51285325           321893.51318790            20000.00000000             6681.58212620
  1135225.51285325           321893.51318790            10056.38949203            26499.94580794
  1135225.51285325           321893.51318790              112.77898407           101020.13986742
   531348.61917341           325889.99351101            20000.00000000             6681.49089459
   531348.61917341           325889.99351101            10191.03335571            26188.84281427
   531348.61917341           325889.99351101              382.06671143            97927.88027441
   788651.38082546           634110.00648961            20000.00000000             6681.52150730
   788651.38082546           634110.00648961            10516.92309570            24660.23367346
   788651.38082546           634110.00648961             1033.84619141            90210.74080751
   980495.24469706           828119.21479731            20000.00000000             6681.54997291
   980495.24469706           828119.21479731            10382.50241089            24877.87237866
   980495.24469706           828119.21479731              765.00482178            93193.69949245
   339504.75530220           131880.78520276            20000.00000000             6681.52754827
   339504.75530220           131880.78520276            10481.12469482            25283.35649519
   339504.75530220           131880.78520276              962.24938965            91184.55558202
   989105.43381290           119041.06063273            20000.00000000             6681.56815353
   989105.43381290           119041.06063273            10355.73464966            25651.50952057
   989105.43381290           119041.06063273              711.46929932            94174.98350439
   330894.56618660           840958.93936751            20000.00000000             6681.46591771
   330894.56618660           840958.93936751            10548.43286133            24480.17351809
   330894.56618660           840958.93936751             1096.86572266            85366.41604905
   128821.63470369           362541.32938577            20000.00000000             6681.63973387
   128821.63470369           362541.32938577            10347.03054810            25610.22249937
   128821.63470369           362541.32938577              694.06109619            90632.70695934
  1191178.36529614           597458.67061470            20000.00000000             6681.46199944
  1191178.36529614           597458.67061470            10557.96459961            24312.96878847
  1191178.36529614           597458.67061470             1115.92919922            89352.76643117
   583444.23750177           830321.30360756            20000.00000000             6681.52217384
   583444.23750177           830321.30360756            10377.02807617            25070.01648165
   583444.23750177           830321.30360756              754.05615234            84651.63626804
   736555.76249763           129678.69639251            20000.00000000             6681.48152313
   736555.76249763           129678.69639251            10467.37854004            25289.92665156
   736555.76249763           129678.69639251              934.75708008            91414.23266473
  1003246.17157280           506732.95026003            20000.00000000             6681.55325289
  1003246.17157280           506732.95026003            10557.96459961            24519.45265177
  1003246.17157280           506732.95026003             1115.92919922            89381.93892097
   316753.82842652           453267.04974058            20000.00000000             6681.59886565
   316753.82842652           453267.04974058            10766.43829346            23966.79177099
   316753.82842652           453267.04974058             1532.87658691            84462.18033490
   603859.85946074           123291.50595478            20000.00000000             6681.44338200
   603859.85946074           123291.50595478            10467.37854004            25314.02231783
   603859.85946074           123291.50595478              934.75708008            91441.29538215
   716140.14053798           836708.49404521            20000.00000000             6681.52024917
   716140.14053798           836708.49404521            10791.91857910            23452.86371147
   716140.14053798           836708.49404521             1583.83715820            83521.72557601
   676123.79125918           600886.26953094            20000.00000000             6681.53936829
   676123.79125918           600886.26953094            10516.92309570            24727.60462109
   676123.79125918           600886.26953094             1033.84619141            90145.15247471
   643876.20873952           359113.73046897            20000.00000000             6681.47619914
   643876.20873952           359113.73046897            10252.98146057            25917.37119598
   643876.20873952           359113.73046897              505.96292114            96433.75104057
  1216170.78703958           221699.88054914            20000.00000000             6681.58457892
  1216170.78703958           221699.88054914            10041.02248001            26604.57542218
  1216170.78703958           221699.88054914               82.04496002           101864.95305592
   103829.21296024           738300.11945091            20000.00000000             6681.54446919
   103829.21296024           738300.11945091            10653.88995361            24206.53719071
   103829.21296024           738300.11945091             1307.77990723            86031.44585564
  1198327.94748402           117060.36579151            20000.00000000             6681.57160139
  1198327.94748402           117060.36579151            10112.74079895            26462.12904216
  1198327.94748402           117060.36579151              225.48159790           100046.09742818
   121672.05251559           842939.63420873            20000.00000000             6681.56102671
   121672.05251559           842939.63420873            10689.97796631            23995.57964013
   121672.05251559           842939.63420873             1379.95593262            85207.57072058
   112822.49287024           115227.94955115            20000.00000000             6681.62007249
   112822.49287024           115227.94955115            10319.46508789            25983.92242968
   112822.49287024           115227.94955115              638.93017578            94326.25946052
  1207177.50712958           844772.05044893            20000.00000000             6681.48109984
  1207177.50712958           844772.05044893            10493.29293823            24300.44093538
  1207177.50712958           844772.05044893              986.58587646            90588.54435456
  1062502.78643274           614782.89084803            20000.00000000             6681.54981615
  1062502.78643274           614782.89084803            10568.19812012            24343.63556323
  1062502.78643274           614782.89084803             1136.39624023            89083.11118736
   257497.21356701           345217.10915310            20000.00000000             6681.53143328
   257497.21356701           345217.10915310            10206.05792236            26135.03876761
   257497.21356701           345217.10915310              412.11584473            93179.09221279
   222403.24971616            93395.50189388            20000.00000000             6681.61166853
   222403.24971616            93395.50189388            10481.12469482            25370.37794020
   222403.24971616            93395.50189388              962.24938965            90870.13525112
  1097596.75028341           866604.49810618            20000.00000000             6681.51448492
  1097596.75028341           866604.49810618            10788.30029297            23232.65332127
  1097596.75028341           866604.49810618             1576.60058594            83751.28266780
   122206.30179464           514933.16698602            20000.00000000             6681.60293045
   122206.30179464           514933.16698602            10581.39569092            24632.69037188
   122206.30179464           514933.16698602             1162.79138184            88257.37364812
  1197793.69820518           445066.83301453            20000.00000000             6681.51635181
  1197793.69820518           445066.83301453            10557.96459961            24470.66299395
  1197793.69820518           445066.83301453             1115.92919922            89443.61570054
  1001716.80531696           234398.71954218            20000.00000000             6681.58342747
  1001716.80531696           234398.71954218            10056.38949203            26654.71006358
  1001716.80531696           234398.71954218              112.77898407           101292.52144139
   318283.19468233           725601.28045852            20000.00000000             6681.41002876
   318283.19468233           725601.28045852            10515.47344971            24703.51676506
   318283.19468233           725601.28045852             1030.94689941            85929.16461220
   753944.52294357           532329.13507790            20000.00000000             6681.52513835
   753944.52294357           532329.13507790            10243.53828430            25785.03487415
   753944.52294357           532329.13507790              487.07656860            96644.03826145
   566055.47705375           427670.86492277            20000.00000000             6681.48972429
   566055.47705375           427670.86492277            10311.81369019            25654.71173262
   566055.47705375           427670.86492277              623.62738037            94969.32306699
    92266.62559656           235527.61073073            20000.00000000             6681.59508276
    92266.62559656           235527.61073073            10347.03054810            25735.42218442
    92266.62559656           235527.61073073              694.06109619            88693.27727220
  1227733.37440331           724472.38926946            20000.00000000             6681.44172869
  1227733.37440331           724472.38926946            10227.91491699            25408.23723617
  1227733.37440331           724472.38926946              455.82983398            97097.52415248
   220752.30626315           877234.24802885            20000.00000000             6681.54776064
   220752.30626315           877234.24802885            10548.43286133            24484.19623355
   220752.30626315           877234.24802885             1096.86572266            85625.56689176
  1099247.69373648            82765.75197126            20000.00000000             6681.56830317
  1099247.69373648            82765.75197126            10112.74079895            26547.21261001
  1099247.69373648            82765.75197126              225.48159790           100005.33637409
   247036.88148037           540539.41376153            20000.00000000             6681.57535354
   247036.88148037           540539.41376153            10766.43829346            23915.16945846
   247036.88148037           540539.41376153             1532.87658691            83945.34744369
  1072963.11851922           419460.58623905            20000.00000000             6681.57324161
  1072963.11851922           419460.58623905            10557.96459961            24564.02519411
  1072963.11851922           419460.58623905             1115.92919922            89700.53934180
   440567.96909118           664956.84830907            20000.00000000             6681.55755032
   440567.96909118           664956.84830907            10572.12329102            24514.39121260
   440567.96909118           664956.84830907             1144.24658203            88226.88270836
   879432.03090794           295043.15169144            20000.00000000             6681.53991918
   879432.03090794           295043.15169144            10182.47424316            26172.15175075
   879432.03090794           295043.15169144              364.94848633            98046.51501704
